23
23
37
37
2
62
375
27
433
441
2
29
37
242
2
16
2
67
67
34
2
214
2
131
252
2
91
247
166
394
398
145
352
356
49
68
237
18
323
118
363
42
339
133
81
7
188
10
2
43
451
134
32
47
72
2
32
2
15
2
42
24
24
76
2
269
127
277
52
52
519
2
2
30
460
82
58
84
84
11
93
39
39
2
2
91
80
139
34
210
48
348
13
38
15
15
2
32
32
501
2
79
16
16
256
31
335
354
30
2
89
17
88
2
84
300
2
31
2
448
39
2
10
224
121
157
426
29
16
19
13
12
2
2
66
81
10
211
2
181
181
15
63
466
2
2
297
297
201
304
99
14
2
33
24
11
120
64
2
14
2
64
64
377
2
316
2
152
163
25
113
38
31
15
15
48
407
382
17
66
248
263
25
40
31
101
360
46
18
147
250
87
49
2
54
2
2
80
84
205
2
165
20
23
315
339
130
175
417
29
59
251
97
157
401
113
19
2
2
21
77
77
35
2
84
191
153
175
367
2
15
162
2
2
2
109
2
46
42
60
17
2
42
64
133
112
2
74
42
236
34
27
2
377
345
34
2
246
39
39
2
2
52
2
26
276
25
39
10
134
194
2
2
101
44
31
228
23
279
68
75
113
135
44
94
14
13
33
183
189
379
322
94
2
44
156
67
2
389
2
61
48
346
16
311
62
291
2
2
55
227
2
23
50
411
2
11
14
14
75
154
23
26
367
79
15
415
18
73
105
365
365
133
113
93
89
36
225
2
141
193
85
147
101
16
75
2
2
339
2
135
2
2
41
96
441
49
17
21
42
2
358
317
40
64
64
180
99
23
56
122
95
2
30
98
10
182
2
312
116
2
27
117
301
112
2
25
356
289
95
61
46
101
181
321
299
87
353
161
394
135
26
382
66
32
46
24
373
580
84
2
403
47
194
46
148
62
37
37
59
20
92
12
50
19
141
141
336
298
494
28
87
2
27
100
32
39
247
21
27
399
186
25
405
64
286
390
384
10
430
168
113
49
70
94
285
15
434
24
64
444
276
118
367
444
16
162
10
349
415
84
2
427
71
18
13
382
2
15
23
10
10
128
269
36
15
445
354
112
112
97
2
239
68
72
139
456
40
477
65
156
16
16
57
276
258
258
136
136
87
15
15
491
11
406
2
27
9
13
65
90
85
2
50
167
213
40
37
141
354
2
12
16
16
447
186
346
29
258
2
95
416
14
312
39
2
20
103
22
86
117
2
2
33
114
74
2
205
356
250
206
29
2
347
75
396
51
125
125
2
11
284
2
268
445
17
2
448
303
384
53
72
480
276
21
2
26
10
27
2
240
58
298
40
33
2
39
239
13
452
2
418
51
51
13
311
95
131
427
191
105
14
312
352
414
54
199
341
326
276
276
482
474
331
20
34
304
274
2
123
382
382
389
24
408
366
48
453
312
2
307
54
364
332
230
112
70
70
21
207
281
281
284
213
54
24
39
474
71
71
81
541
408
30
2
118
50
2
393
44
15
34
71
340
341
2
72
72
423
435
38
2
2
375
59
15
244
92
370
357
2
332
207
397
420
2
202
377
265
132
185
189
376
331
30
62
249
414
30
423
412
413
8
244
243
243
9
265
335
457
71
385
350
287
296
24
323
323
96
227
79
269
447
447
38
328
309
63
2
350
115
124
12
10
297
141
458
43
106
28
363
363
56
102
53
25
33
31
349
23
371
366
308
2
376
590
443
2
62
330
402
46
2
2
296
136
430
7
91
209
327
285
326
324
238
317
180
180
2
153
153
2
362
262
344
38
388
301
338
280
497
230
227
145
128
329
309
305
176
176
297
282
208
2
263
186
41
377
157
2
2
12
2
344
344
22
8
309
27
2
8
393
108
409
293
250
150
24
100
191
77
24
360
268
38
13
164
39
39
242
242
53
23
127
10
393
244
273
265
303
15
224
341
230
420
388
418
35
305
99
304
433
299
124
71
117
140
2
171
178
2
2
68
331
311
66
137
242
332
332
343
2
146
397
127
31
273
115
350
365
20
14
189
8
25
315
38
63
295
327
192
19
298
235
300
187
67
29
2
34
372
352
141
317
209
29
375
393
290
14
308
53
344
2
306
452
221
443
324
204
184
2
403
291
439
258
2
405
238
298
86
285
362
71
114
323
265
58
310
30
450
102
13
315
396
2
218
339
400
24
288
93
309
53
31
92
279
333
333
333
309
164
2
232
184
258
284
350
2
2
22
344
20
272
14
282
11
275
257
404
342
294
132
290
248
347
19
352
447
94
434
354
215
46
86
10
75
231
339
303
381
375
101
371
278
39
413
184
340
34
60
60
344
106
334
16
348
10
381
379
229
125
68
414
370
34
23
439
427
348
9
302
159
68
57
20
453
333
132
385
251
327
2
28
415
14
297
290
418
170
371
68
446
341
74
18
283
67
335
335
319
2
342
11
209
280
280
204
52
334
116
427
162
235
12
294
337
467
411
130
25
24
295
235
18
115
304
420
451
64
310
300
299
419
366
422
27
195
76
18
241
63
9
371
228
271
2
313
373
281
378
104
177
153
82
330
301
201
208
172
28
207
410
361
31
222
351
2
22
32
396
310
299
238
370
370
302
217
370
370
313
54
201
14
2
87
2
165
313
304
2
431
29
515
381
279
19
57
281
2
189
191
361
245
155
233
409
407
336
300
260
330
258
109
173
339
427
387
2
170
120
106
40
8
303
43
114
114
21
356
285
8
2
2
2
29
379
81
332
185
351
322
2
42
168
280
225
481
105
10
2
224
358
2
275
56
99
162
162
42
69
340
39
361
253
250
98
375
455
81
109
31
352
2
337
294
25
183
163
154
39
66
2
11
27
306
323
324
245
347
339
304
18
149
69
314
145
64
145
235
276
203
258
95
350
188
147
35
311
2
266
399
332
196
168
218
120
214
214
23
284
271
167
171
17
343
11
224
231
362
321
290
290
172
191
55
210
235
9
242
389
298
356
195
231
249
14
23
345
612
262
142
151
254
318
344
292
276
294
176
268
81
2
28
151
350
250
232
401
395
196
253
218
213
118
87
276
214
218
185
204
290
148
239
19
133
246
370
313
324
248
248
284
403
245
30
237
121
121
9
13
344
216
138
153
215
2
27
228
111
224
133
103
291
263
285
68
87
29
97
43
2
17
17
235
196
29
41
41
150
175
11
43
255
369
187
69
333
285
289
201
207
194
174
328
190
139
219
253
261
183
236
234
259
272
27
204
245
247
276
235
136
176
204
122
171
227
134
161
199
216
11
200
114
326
145
431
2
198
239
193
335
223
264
129
94
232
223
161
29
276
210
210
104
43
2
186
186
166
150
2
150
228
181
100
115
208
176
40
145
145
18
62
173
228
113
69
69
382
241
228
228
21
32
194
243
196
183
195
208
89
201
116
145
33
120
243
206
32
253
18
155
17
230
210
184
164
279
100
199
152
140
200
173
333
154
180
131
2
130
190
46
202
202
33
160
149
51
255
185
201
151
224
168
213
2
201
264
27
199
28
123
191
86
86
75
154
154
171
286
365
326
143
214
192
59
191
152
12
294
205
162
45
10
196
95
212
250
178
177
180
150
242
121
257
228
154
237
155
209
76
223
140
151
115
175
109
128
45
127
69
333
165
163
31
72
289
141
141
70
2
190
164
24
2
238
161
121
186
186
186
186
163
223
177
186
150
145
87
108
76
11
2
128
128
2
110
110
60
65
220
270
35
98
163
9
61
160
212
212
154
42
118
176
162
182
108
56
127
15
143
196
215
117
184
168
82
49
108
29
184
197
172
193
313
169
89
117
137
35
77
79
189
55
55
248
216
61
109
29
186
229
105
117
157
40
129
163
37
2
37
91
83
235
262
244
201
210
12
125
221
183
162
108
153
173
123
187
148
308
219
157
151
108
108
13
8
40
2
46
2
37
10
141
9
46
95
32
100
38
154
33
136
74
98
168
254
150
179
2
117
160
230
191
226
183
272
109
95
76
27
170
212
143
99
141
252
166
175
205
205
94
146
55
55
193
166
197
137
152
136
148
182
167
112
235
16
88
211
140
184
92
44
175
203
115
93
108
8
7
182
253
243
17
2
37
9
40
28
74
104
199
15
48
87
73
64
63
139
174
109
109
117
162
105
42
2
82
158
129
2
166
96
42
103
151
186
103
170
108
69
129
243
117
245
199
2
11
51
225
95
9
110
39
24
113
117
2
58
171
163
74
129
27
88
88
141
112
27
131
102
78
2
132
37
109
351
136
144
154
136
135
176
123
36
137
313
133
2
135
171
127
128
81
222
186
90
2
90
128
46
88
145
142
193
113
142
42
151
173
134
223
151
58
86
187
130
98
90
39
93
199
103
144
157
138
165
107
157
75
45
23
94
181
68
113
147
167
21
229
216
158
147
107
166
191
110
80
264
101
145
145
73
122
184
113
121
171
171
126
114
153
13
74
154
127
146
123
2
99
120
138
257
102
145
204
178
131
140
28
153
134
29
128
114
164
86
128
181
50
121
78
137
126
142
85
200
177
108
118
102
122
183
164
170
213
112
144
147
2
45
126
110
72
107
98
134
119
139
74
41
156
107
143
182
87
121
123
238
123
35
180
117
76
91
101
109
96
123
147
55
82
392
85
89
126
133
82
107
63
160
340
21
113
121
142
91
133
95
70
218
181
27
27
81
104
115
150
20
34
14
112
137
147
165
72
18
110
93
51
146
120
57
99
48
116
144
118
149
87
153
136
18
18
21
114
128
82
2
80
64
184
91
102
38
28
95
131
123
10
65
73
2
117
117
113
135
65
107
105
16
16
30
86
88
93
102
31
39
104
28
89
71
14
42
27
117
349
170
33
33
2
2
104
90
108
84
92
120
115
129
228
124
113
17
83
100
107
107
45
96
85
38
101
127
103
81
111
65
70
134
121
138
151
92
96
162
124
238
67
67
68
104
154
84
61
131
53
64
150
60
73
8
186
92
21
120
61
61
133
37
106
106
104
110
97
84
102
19
50
112
11
95
140
110
65
112
63
2
115
118
82
49
102
102
105
73
95
78
117
94
120
111
113
35
50
29
58
126
77
127
140
33
54
117
129
81
171
101
139
96
108
94
145
72
117
162
13
70
122
69
10
108
122
111
54
124
110
60
55
48
67
100
123
51
89
66
111
170
83
109
89
101
43
7
108
91
123
123
76
75
94
111
126
49
120
11
2
151
90
91
130
28
74
95
65
84
83
84
109
39
23
106
106
65
106
76
92
44
9
29
22
119
71
27
40
86
81
82
51
107
111
75
9
65
124
96
64
61
112
84
84
86
108
35
18
83
88
102
115
130
104
116
61
68
88
57
69
13
109
47
65
66
33
86
96
47
91
50
53
77
93
166
167
82
132
67
67
127
73
102
2
252
104
31
13
85
85
17
135
137
41
88
87
87
98
84
98
113
130
104
97
8
70
54
112
106
102
39
58
82
115
105
83
40
87
2
147
121
74
2
107
95
135
75
8
28
122
122
2
86
103
25
25
25
156
30
56
41
84
77
133
103
9
9
49
99
85
66
85
163
76
105
47
26
28
103
60
89
98
42
109
36
14
47
81
113
18
18
88
53
21
160
142
164
128
90
115
115
9
104
93
131
33
130
81
72
138
163
59
98
67
31
23
112
94
58
20
69
84
93
246
2
26
123
60
42
14
46
41
108
20
2
86
16
20
81
83
36
78
136
96
2
57
57
94
40
15
42
22
74
93
49
92
80
105
89
67
84
61
77
49
168
168
56
10
129
36
108
81
97
2
100
78
105
137
2
300
79
13
37
2
8
86
78
33
38
192
105
92
34
34
81
71
111
65
87
87
82
79
81
67
94
67
86
83
2
112
77
71
49
79
31
44
105
81
80
136
85
137
117
62
106
57
8
20
91
71
71
10
26
74
18
49
201
64
64
48
52
2
16
105
91
95
173
21
86
51
78
65
54
2
44
86
48
57
38
81
15
28
20
88
41
63
48
118
42
47
72
71
94
9
47
30
30
84
151
92
2
41
97
84
72
2
12
8
90
28
106
51
92
10
25
63
63
31
35
67
67
100
42
69
28
59
122
83
68
73
192
33
88
9
74
130
96
41
60
79
73
87
12
2
21
104
124
61
73
90
65
2
86
72
75
39
76
2
33
61
66
79
130
51
88
21
86
51
51
81
65
124
62
91
105
38
88
89
17
132
63
18
94
49
85
50
75
45
87
34
66
93
54
46
103
43
134
91
53
48
9
43
71
79
54
74
28
20
113
48
119
86
17
2
55
59
91
71
54
66
99
50
76
59
43
2
216
153
42
37
69
85
162
18
65
54
89
2
28
29
57
97
97
43
54
216
79
78
36
100
87
87
128
38
81
36
208
79
83
90
136
2
83
89
47
26
106
56
70
60
133
30
52
30
30
7
131
71
132
199
67
44
47
76
80
81
83
127
59
68
86
48
86
121
53
16
47
53
26
73
63
51
42
73
66
70
180
74
94
78
51
64
92
12
44
44
67
106
83
76
27
2
95
79
2
70
80
97
2
85
75
134
190
33
25
14
14
11
71
74
15
24
56
111
111
37
26
30
80
47
49
64
74
102
42
84
84
17
24
23
65
73
93
180
66
101
27
17
151
52
88
74
61
27
16
16
192
86
77
46
22
2
48
61
22
22
22
66
153
55
99
50
39
83
42
72
51
84
87
9
68
35
42
62
46
24
24
18
66
32
133
78
78
33
87
64
84
40
46
77
19
75
75
8
68
46
59
51
76
44
53
13
21
19
42
389
336
74
87
41
70
86
51
181
55
125
25
86
45
86
93
59
120
46
88
52
63
61
75
21
56
66
60
50
33
21
67
55
41
36
8
26
64
84
75
100
75
71
19
66
97
83
38
40
58
13
16
9
50
64
15
68
71
64
59
46
69
57
10
99
43
113
58
56
36
33
95
109
73
49
7
2
21
20
94
69
50
70
36
54
85
125
75
50
141
53
52
50
51
29
2
52
70
55
82
10
192
56
74
25
39
71
48
50
78
24
67
38
130
25
51
76
2
47
47
68
39
2
142
81
65
25
58
53
55
56
43
69
69
41
149
62
67
38
43
30
50
54
77
124
31
74
42
46
10
73
73
53
26
24
89
89
64
43
46
54
70
84
85
42
2
51
74
53
31
37
59
38
48
64
60
66
86
7
60
69
21
57
146
95
29
16
64
10
11
48
31
18
18
73
56
56
68
24
45
26
10
36
33
259
57
52
71
76
144
47
63
63
30
32
24
116
138
11
34
2
197
32
23
40
46
15
176
115
31
49
2
67
72
66
62
39
32
26
26
10
2
47
102
9
9
40
39
84
49
10
13
90
43
43
21
56
78
28
160
37
215
37
38
38
2
17
78
47
70
44
39
70
73
65
21
59
2
11
34
59
79
63
30
35
34
79
79
15
58
61
2
59
32
91
60
56
35
92
100
74
35
50
27
27
11
57
145
11
46
42
65
86
16
14
18
141
37
133
62
69
120
46
92
36
46
12
66
9
75
40
63
32
68
26
62
60
44
86
86
53
25
25
21
143
42
42
42
42
94
56
69
73
45
60
31
70
167
8
38
40
51
16
100
22
24
42
24
70
49
36
41
34
48
52
62
11
90
66
28
37
44
37
45
45
16
37
46
24
43
40
101
83
83
9
2
2
53
42
26
70
70
36
85
37
37
49
119
73
100
39
28
9
39
56
35
64
7
43
35
77
29
34
63
73
94
21
71
42
29
38
62
50
81
8
72
2
35
22
124
2
48
17
2
42
45
17
50
52
54
18
61
35
40
39
2
15
44
56
52
2
2
31
34
52
83
39
162
10
46
16
172
30
84
38
40
51
79
60
61
36
48
98
52
157
22
39
53
54
18
39
200
103
134
57
35
46
34
21
21
2
2
40
26
12
78
32
20
38
36
41
44
39
168
55
78
52
51
77
46
15
28
7
28
84
47
76
10
34
66
36
36
41
11
11
26
48
57
99
47
17
21
48
63
42
50
59
59
27
41
93
37
37
31
36
28
77
44
10
54
12
57
40
2
2
39
59
40
40
10
32
33
21
21
57
119
50
23
50
27
8
24
120
120
30
48
9
27
16
26
2
28
70
22
47
59
62
53
90
37
12
23
163
65
35
85
11
2
13
158
92
54
45
23
125
96
35
65
37
37
20
43
17
65
25
22
22
62
81
24
70
59
37
9
25
25
12
14
54
51
46
46
18
16
29
57
2
22
39
108
16
106
39
55
21
53
93
40
29
54
34
32
94
36
55
33
56
25
32
2
56
22
22
35
13
13
15
10
35
10
2
49
29
43
27
44
33
16
39
70
27
33
9
56
59
19
39
112
24
55
124
53
36
30
20
33
20
45
49
42
2
38
76
50
59
2
14
29
51
87
32
51
29
132
50
52
52
32
67
17
47
149
52
62
48
56
29
46
43
38
50
38
13
7
74
19
40
23
30
41
2
64
21
11
9
29
21
31
2
15
19
57
36
53
48
94
17
23
9
31
24
50
50
52
15
27
48
20
69
56
78
47
11
25
38
100
9
58
14
29
106
30
17
79
29
31
15
24
23
9
9
27
24
68
40
46
11
13
45
34
51
18
32
2
28
26
33
38
62
53
2
66
48
22
20
21
42
103
51
54
54
95
71
20
51
31
30
9
23
20
10
81
27
35
10
36
35
13
45
150
51
131
131
11
18
73
21
81
49
30
22
26
17
40
38
48
49
38
23
50
86
40
2
2
22
14
33
62
32
16
27
50
25
30
18
46
12
18
30
21
32
195
36
97
27
2
2
11
8
81
40
21
23
23
29
56
21
45
18
90
32
21
32
33
31
2
2
17
21
72
51
202
202
12
34
2
31
2
26
14
43
30
30
47
30
81
27
34
95
7
16
173
14
10
107
82
63
2
105
47
13
12
32
23
72
72
24
8
23
20
2
28
27
45
8
34
12
39
15
17
27
16
22
35
2
18
2
8
58
51
2
31
42
77
27
8
2
43
2
2
46
18
17
135
74
16
55
24
27
53
32
53
47
21
2
19
31
67
18
23
53
23
31
31
159
113
2
44
35
55
59
16
64
51
16
2
46
60
2
42
28
28
31
20
19
70
53
25
63
24
76
27
18
7
23
46
46
43
49
21
21
74
21
11
14
10
9
116
29
10
22
16
46
64
38
27
24
37
9
2
10
21
33
2
28
94
77
31
36
25
48
16
27
13
7
21
168
14
2
15
9
57
22
38
35
35
42
22
116
53
15
13
55
26
35
7
64
13
45
45
17
31
30
49
50
50
10
45
51
28
24
22
20
18
34
137
28
39
63
21
20
2
24
9
27
2
23
23
38
30
25
85
91
115
33
23
37
57
11
11
10
13
23
102
29
63
10
32
22
45
8
78
2
2
50
20
27
10
14
19
8
53
9
2
11
25
34
30
84
84
30
22
28
26
9
8
43
18
26
34
114
23
58
94
40
26
29
29
2
24
29
37
9
2
2
40
40
40
12
65
94
8
78
39
43
27
7
34
68
2
12
10
17
14
21
44
46
20
42
34
55
91
36
17
114
14
16
2
52
24
96
158
27
2
12
9
18
41
50
20
31
17
17
12
27
2
18
17
21
12
39
56
56
20
2
8
32
30
9
8
17
25
55
25
71
9
171
120
41
41
2
9
42
19
28
28
22
8
8
22
2
32
27
21
26
20
161
33
34
17
34
23
2
8
20
97
9
9
10
28
19
19
18
18
31
49
2
45
17
26
7
37
17
88
16
10
33
31
2
23
39
27
2
89
20
13
2
24
8
74
34
21
20
15
15
23
34
61
72
81
2
36
17
10
20
14
8
54
27
54
2
31
23
20
8
46
18
8
12
107
59
22
17
55
16
40
24
19
10
51
86
15
21
8
31
28
43
10
9
2
24
28
11
2
9
30
8
68
22
9
11
66
24
21
25
18
24
14
26
30
39
25
14
95
57
57
2
47
7
9
31
22
8
15
15
22
22
22
22
22
24
24
2
17
65
68
2
20
20
70
70
24
7
21
10
22
22
9
20
18
2
54
11
55
21
19
18
2
15
15
15
54
2
25
61
9
47
26
2
25
22
22
2
2
19
11
21
9
60
2
41
12
18
36
29
8
17
11
21
46
18
2
20
25
16
2
2
2
21
19
51
51
22
17
9
24
22
38
10
13
21
78
52
2
22
17
20
8
99
51
21
40
23
12
19
19
14
14
47
16
10
9
14
17
32
23
2
2
35
120
120
24
31
2
2
2
2
2
2
18
52
2
21
96
9
24
18
18
17
17
2
18
42
40
63
10
12
10
13
13
13
7
12
11
32
32
2
19
2
34
14
2
23
2
18
83
2
37
11
2
75
2
2
36
118
192
24
9
2
11
16
19
41
41
21
21
17
11
54
22
24
15
2
24
92
43
10
2
8
10
44
56
13
2
19
12
12
33
18
15
2
2
27
2
11
2
2
24
2
7
26
26
26
8
19
2
11
68
2
7
16
8
2
8
2
37
13
30
2
13
2
17
2
23
23
23
13
2
18
19
51
19
36
17
2
9
18
9
12
12
2
9
43
17
10
34
12
93
2
2
30
16
13
22
8
24
28
50
34
11
20
2
38
24
25
2
13
24
20
10
17
2
9
2
2
28
2
51
14
9
13
2
27
48
2
24
36
2
24
2
2
19
14
2
34
8
10
9
2
11
22
13
21
58
8
8
9
16
66
9
9
15
15
2
2
2
31
24
9
14
9
21
16
49
11
30
12
2
17
20
2
27
8
21
10
2
12
27
2
18
18
29
29
19
11
33
2
22
13
31
10
18
20
2
2
2
66
24
12
2
2
73
73
22
22
12
27
16
19
19
37
31
10
2
12
2
82
24
24
24
2
2
14
33
2
10
20
9
9
29
12
17
51
8
11
9
12
32
25
14
2
58
2
2
95
95
2
14
2
12
11
7
7
8
11
2
31
21
74
61
61
61
7
49
9
9
11
2
2
18
10
18
39
2
18
32
2
77
7
2
9
23
23
2
19
19
30
2
2
2
54
10
2
2
10
2
16
8
12
10
44
44
27
27
27
59
21
10
75
42
2
31
2
20
2
2
20
12
34
11
2
43
21
21
11
8
10
2
2
28
28
9
17
17
2
2
23
23
2
88
88
25
9
2
31
8
2
26
9
14
34
2
25
44
43
13
15
2
10
33
8
2
2
2
18
10
28
26
16
19
13
2
36
27
2
2
11
49
2
2
21
22
2
2
2
32
32
14
16
10
23
25
14
54
8
8
2
9
24
13
2
15
31
2
2
10
9
8
22
43
10
10
9
20
10
2
2
18
37
10
12
10
2
36
10
42
2
18
21
8
8
2
12
12
9
11
2
2
2
27
2
10
12
12
2
13
2
11
2
2
2
2
33
2
2
19
10
10
2
2
2
2
2
2
2
2
7
24
24
24
2
2
2
10
8
8
8
10
22
18
19
17
2
2
19
30
30
30
24
33
33
29
15
2
21
2
17
2
2
36
36
39
64
64
25
25
9
9
62
2
2
2
31
2
14
14
11
17
12
2
2
18
18
14
9
9
14
2
13
15
13
2
2
9
8
13
10
12
2
2
39
2
11
23
2
26
9
34
2
2
29
2
26
2
21
21
18
2
2
30
2
37
12
2
13
22
8
8
2
21
21
23
17
10
16
12
2
2
2
2
2
15
15
17
14
2
2
2
2
2
2
33
2
53
2
2
2
2
43
2
15
11
13
2
12
37
2
13
2
12
19
14
2
8
30
30
2
24
15
14
2
14
14
2
2
80
25
12
12
12
12
10
28
28
31
2
2
2
2
2
2
2
21
21
21
2
2
10
2
21
18
10
12
74
31
27
2
2
2
87
2
24
2
34
34
10
2
2
12
25
37
28
2
2
47
47
2
2
33
2
2
35
30
9
24
24
12
2
2
24
24
24
2
11
8
46
46
46
25
2
27
24
13
2
2
55
55
2
27
27
25
25
2
2
2
2
2
2
2
36
16
2
39
9
2
2
2
2
31
2
2
2
2
2
13
2
2
33
13
2
8
11
10
10
2
2
2
26
2
83
14
2
2
24
30
2
15
10
2
2
12
12
25
25
14
15
12
11
2
8
49
49
2
9
51
8
8
2
2
18
14
13
13
13
2
2
9
11
24
11
2
2
39
2
2
24
24
36
25
11
2
10
2
2
2
2
12
36
36
2
2
2
25
25
2
15
2
2
2
2
2
2
14
11
11
14
11
33
7
15
31
31
8
46
46
2
2
28
2
25
2
11
11
2
2
16
12
12
28
33
27
2
18
9
42
55
27
10
2
15
46
10
24
24
24
2
8
36
2
2
13
2
2
39
2
8
52
2
13
2
11
2
10
2
2
2
39
39
2
2
2
2
2
10
21
25
25
2
2
2
2
2
2
2
2
57
2
2
2
2
2
2
13
2
15
2
2
13
2
34
16
2
10
2
11
2
15
2
2
30
30
10
2
2
2
8
37
2
21
21
45
15
15
15
16
11
11
2
2
15
2
2
2
2
2
13
2
2
2
2
2
2
2
2
2
18
18
10
28
2
2
2
2
2
11
13
10
14
8
8
2
2
2
2
2
2
2
2
13
2
2
2
11
11
2
2
2
21
2
2
10
28
28
28
28
2
14
13
13
13
13
2
31
31
18
24
14
2
12
2
2
2
13
13
19
2
2
33
2
39
13
13
13
33
27
2
2
34
34
49
49
49
49
28
39
39
39
2
2
2
28
2
33
33
2
11
27
28
2
16
16
16
34
2
16
27
27
2
12
2
2
2
2
28
28
10
10
14
14
2
28
16
36
39
24
2
2
2
13
13
2
27
2
2
2
2
2
2
37
37
37
37
37
37
2
2
2
2
2
2
2
2
2
2
2
2
2
31
31
21
21
21
2
2
2
2
2
2
17
17
2
2
2
14
37
2
2
2
2
2
27
27
2
2
2
10
10
10
2
2
25
13
2
10
13
13
13
2
24
22
2
8
11
10
10
10
2
2
2
2
27
17
22
2
15
2
2
2
16
16
12
2
2
2
2
15
9
2
2
2
2
2
2
2
2
2
58
2
54
2
2
28
28
49
49
2
2
2
13
31
31
2
21
2
2
2
11
2
2
15
15
15
2
2
2
2
2
11
11
11
11
11
11
2
2
2
8
8
8
2
2
2
13
30
2
21
27
2
2
2
2
2
2
2
2
2
2
2
2
2
2
13
13
7
7
13
2
2
2
2
2
2
2
2
11
11
14
2
2
2
2
2
2
2
2
9
9
28
2
2
2
2
23
23
23
2
2
2
2
2
21
21
2
2
2
2
2
2
2
2
11
2
2
2
2
2
2
2
2
2
21
21
2
2
2
2
2
2
2
2
2
2
2
2
2
2
2
2
2
2
2
2
2
2
2
2
2
2
2
12
12
12
2
2
14
2
2
2
2
2
2
2
2
16
33
33
33
13
34
31
31
31
34
2
2
2
10
10
13
13
13
2
2
2
2
2
2
2
12
2
2
2
2
2
2
2
2
12
24
36
36
2
2
2
2
2
2
2
2
2
2
2
2
2
2
2
2
2
2
17
17
17
17
2
2
2
2
2
2
2
2
2
2
2
16
16
16
16
16
2
33
33
33
2
2
2
33
33
2
2
2
2
2
2
2
2
2
2
2
2
2
2
2
2
2
2
2
2
2
12
12
12
12
12
12
12
43
43
43
43
43
43
43
39
2
2
2
2
2
2
2
14
2
11
2
2
2
2
2
2
2
2
2
2
2
2
2
2
2
2
2
2
2
2
2
9
9
9
2
2
2
2
2
2
2
2
2
2
2
2
2
12
2
2
2
2
2
2
2
2
2
2
2
10
10
10
10
10
10
10
2
2
2
2
2
2
2
2
2
2
2
2
2
2
2
2
2
2
2
2
2
2
2
2
2
2
2
2
28
28
28
28
28
14
14
14
14
13
13
13
13
13
13
13
13
13
13
13
13
13
13
13
13
13
13
13
13
13
2
2
2
2
2
2
2
2
2
2
2
2
2
2
2
2
2
2
2
2
2
2
2
2
2
2
2
2
2
2
2
2
2
2
2
2
2
2
2
12
12
12
12
12
2
2
2
2
2
2
2
2
2
2
2
2
2
2
2
2
2
2
2
2
2
2
2
2
2
2
2
2
2
2
2
2
2
2
2
2
2
2
2
2
2
2
2
2
2
2
2
2
2
2
2
2
2
2
2
2
2
2
2
2
2
2
2
2
2
2
2
2
2
2
2
2
2
2
2
2
2
2
2
2
2
2
2
11
89
2
40
55
28
15
11
2
2
222
25
2
16
33
15
2
112
324
132
60
2
61
143
2
2
40
51
66
123
2
2
93
8
87
2
14
2
69
367
389
2
28
7
24
287
2
2
154
200
129
2
181
2
315
51
11
157
2
189
446
370
225
84
473
120
252
2
87
2
16
198
99
2
119
93
464
15
62
50
2
259
19
46
312
2
318
2
92
37
10
10
439
2
102
2
460
102
34
72
339
345
28
31
2
40
30
20
2
2
336
98
