scale: 
[  0   0   0   0   0   0   0   0   0   0   0   0 100   0   0   0   0   0
   0   0   0   0   0   0   0]
id: 
[34  0 11  7  0  0  0  0  0  0  0  0  0  0  0  0  0  0  0  0  0  8 25  0 15]
desc_scale: 
[  0   0   0   0   0   0   0   0   0   0   0   0 100   0   0   0   0   0
   0   0   0   0   0   0   0]
desc_id: 
[  0   0   0   0   0   0   0   0   0   0   0   0 100   0   0   0   0   0
   0   0   0   0   0   0   0]
num_prog: 
[31 31  0 10  0 10  0  3  5  0  1  0  3  0  2  0  2  0  0  1  0  0  0  0  1]
pid: 
[97  0  0  0  0  0  0  0  0  0  0  0  0  0  0  0  0  0  0  0  0  0  0  0  3]
upid: 
[97  0  0  0  0  0  0  0  0  0  0  0  0  0  0  0  0  0  0  0  0  0  0  0  3]
desc_pid: 
[  0   0   0   0   0   0   0   0   0   0   0   0 100   0   0   0   0   0
   0   0   0   0   0   0   0]
phantom: 
[  0   0   0   0   0   0   0   0   0   0   0   0 100   0   0   0   0   0
   0   0   0   0   0   0   0]
sam_mvir: 
[45 15 11  6  6  2  2  1  2  2  2  2  1  0  0  1  0  0  0  0  0  0  1  0  1]
mvir: 
[48 13 10  7  7  0  3  0  2  2  2  2  1  0  0  1  0  0  0  0  0  0  1  0  1]
rvir: 
[24 17  5  8  6  7  2  5  5  4  2  1  2  1  1  4  2  1  0  1  0  0  0  1  1]
rs: 
[25 20 21  9 11  8  0  2  2  0  0  1  0  0  0  0  0  0  0  0  0  0  0  0  1]
vrms: 
[12 19 11  6 10  4  9  5  2  3  3  3  0  0  4  2  2  1  1  1  0  0  0  1  1]
is_mmp: 
[  0   0   0   0   0   0   0   0   0   0   0   0 100   0   0   0   0   0
   0   0   0   0   0   0   0]
scale_of_last_MM: 
[5 2 1 3 3 7 1 4 9 6 3 5 5 5 8 8 3 4 3 3 4 3 3 1 1]
vmax: 
[16 18  9 10  7  7  8  3  4  1  3  2  0  4  1  2  1  1  0  1  0  1  0  0  1]
x: 
[ 2  3  1  1  6  7  5  5  4  2  2  2  2  7  3  1  2  4  3  7  2  9  5 12  3]
y: 
[4 4 2 2 2 6 4 9 4 3 5 3 7 4 4 1 3 5 3 2 5 1 5 5 7]
z: 
[2 1 7 5 6 8 8 8 6 4 2 4 2 0 0 1 5 4 3 6 7 2 2 3 4]
vx: 
[ 1  0  1  0  4  2  8  2  7 11 18 10 11  9  7  2  3  1  0  0  0  0  1  1  1]
vy: 
[ 1  0  0  1  0  2  1  1  2  6  4 11 14 14 14 13  8  2  2  0  1  1  1  0  1]
vz: 
[ 1  0  0  0  0  1  0  1  5  8  6 12  9 13  9  9  8  4  4  5  1  1  2  0  1]
Jx: 
[ 1  0  0  0  0  1  2 70 18  3  1  2  0  1  0  0  0  0  0  0  0  0  0  0  1]
Jy: 
[ 1  0  0  1  0  2  1  4  5 55 21  3  3  2  1  0  0  0  0  0  0  0  0  0  1]
Jz: 
[ 1  0  0  0  0  0  0  0  1  0  0  0  1  2  0  3  2 39 49  1  0  0  0  0  1]
Spin: 
[ 2  1  3  4  7  6  8 12  9  8  4  7  4  5  3  1  4  2  2  0  3  3  1  0  1]
Breadth_first_ID: 
[ 2  0  1  2  3  4  0  3  0  4  5  5  3  1  7  2  4  4  5  2  5  9  7 15  7]
Depth_first_ID: 
[ 2  0  1  2  3  4  0  3  0  4  5  5  3  1  7  2  4  4  5  2  5  9  7 15  7]
Tree_root_ID: 
[34  0 11  7  0  0  0  0  0  0  0  0  0  0  0  0  0  0  0  0  0  8 25  0 15]
Orig_halo_ID: 
[34  0 11  7  0  0  0  0  0  0  0  0  0  0  0  0  0  0  0  0  0  8 25  0 15]
Snap_num: 
[  0   0   0   0   0   0   0   0   0   0   0   0 100   0   0   0   0   0
   0   0   0   0   0   0   0]
Next_coprogenitor_depthfirst_ID: 
[  0   0   0   0   0   0   0   0   0   0   0   0 100   0   0   0   0   0
   0   0   0   0   0   0   0]
Last_progenitor_depthfirst_ID: 
[ 2  0  1  2  3  4  0  3  0  4  5  5  3  1  7  2  4  4  5  2  5  9  7 15  7]
Last_mainleaf_depthfirst_ID: 
[ 2  0  1  2  3  4  0  3  0  4  5  5  3  1  7  2  4  4  5  2  5  9  7 15  7]
Tidal_Force: 
[35 23 16 10  5  4  2  2  0  0  0  1  0  0  0  0  1  0  0  0  0  0  0  0  1]
Tidal_ID: 
[49  0  0 43  1  0  3  2  0  0  0  0  0  0  0  0  0  0  0  0  0  0  0  0  2]
Rs_Klypin: 
[10 19 10  5  9 12  4  7  3  3  5  3  2  3  0  0  0  1  1  1  1  0  0  0  1]
Mvir_all: 
[48 12 11  6  7  1  3  0  2  2  2  2  1  0  0  1  0  0  0  0  0  0  1  0  1]
M200b: 
[48 13  9  7  6  2  2  2  0  4  1  2  1  0  0  1  0  0  0  0  0  0  1  0  1]
M200c: 
[46 16 10  6  5  2  2  1  1  2  2  2  2  0  0  0  0  1  0  0  0  0  1  0  1]
M500c: 
[46 17 11  6  3  1  3  1  2  3  0  3  1  0  0  0  0  0  1  0  0  1  0  0  1]
M2500c: 
[41 22 13  6  4  2  0  3  2  1  1  1  1  0  1  0  0  1  0  0  0  0  0  0  1]
Xoff: 
[ 9 13 17  7 13  8  7  4  3  6  0  4  2  1  0  4  1  0  0  0  0  0  0  0  1]
Voff: 
[27 19 11 12  7  7  5  2  2  1  0  2  1  1  0  0  0  1  0  0  1  0  0  0  1]
Spin_Bullock: 
[ 3  3  8  8  8 14 14  5  7  6  7  1  4  3  3  1  1  0  3  0  0  0  0  0  1]
b_to_a: 
[ 1  0  0  1  0  0  0  1  1  2  3  7  4  5  8  9  9 11 11  8  6  3  3  2  5]
c_to_a: 
[ 1  0  1  0  0  2  1  0  3  4  7 12  6 13 13  5  5  9  3  5  3  2  3  1  1]
A_x: 
[ 1  1  1  4  5 10  6  3  7 11  4  3  4 10  5  6  6  1  5  3  0  1  0  1  2]
A_y: 
[ 1  0  0  0  0  0  0  6  8  8  7  5  5  6  1  8 16 10  8  5  2  1  1  1  1]
A_z: 
[ 1  1  1  3  3  4  4  3  8  5  7  3  6  5  4 10  4  5  4  3  7  0  0  5  4]
b_to_a_500c: 
[ 1  1  1  0  0  0  1  2  4  6  3  4  5  6  7 10 14  6  7  7  3  2  4  3  3]
c_to_a_500c: 
[ 1  0  2  0  0  1  1  2  5  7  2 12 16  9  9  7  8  4  3  5  1  2  2  0  1]
A_x_500c: 
[ 1  0  2  0  7  4 13  5  6  8  6  5  3  6  6  8  3  5  6  1  0  0  4  0  1]
A_y_500c: 
[1 0 3 8 6 3 8 5 3 4 4 3 6 8 9 9 9 5 1 0 3 0 1 0 1]
A_z_500c: 
[5 3 2 7 2 7 2 4 4 3 2 9 6 6 6 4 3 6 4 2 3 2 3 0 5]
T_per_magnitude_U: 
[ 5  7  9 13 12 10  6 11  7  2  2  7  2  0  1  2  1  1  0  0  1  0  0  0  1]
M_pe_Behroozi: 
[44 14 11  8  6  2  2  1  0  3  2  2  2  0  0  0  0  0  1  0  0  0  1  0  1]
M_pe_Diemer: 
[42 18  5  7  4  5  0  2  3  7  0  1  2  1  0  1  0  0  0  0  0  1  0  0  1]
Macc: 
[48 13 10  7  7  0  3  0  2  2  2  2  1  0  0  1  0  0  0  0  0  0  1  0  1]
Mpeak: 
[44 16 11  6  6  2  2  1  2  2  2  2  1  0  0  1  0  0  0  0  0  0  1  0  1]
Vacc: 
[16 17 10 10  7  7  8  3  4  1  3  2  0  4  1  2  1  1  0  1  0  1  0  0  1]
Vpeak: 
[ 9 14 15 14  8  8  5  5  4  1  3  2  0  3  3  0  3  0  0  1  1  0  0  0  1]
Halfmass_Scale: 
[ 3  3 10  9  4 10  5  8  2  6  3 10  6  3  2  4  1  3  3  1  3  0  0  0  1]
Acc_Rate_Inst: 
[ 1  0  0  1  2  1  6 42 16  9  9  3  4  4  1  0  0  0  0  0  0  0  0  0  1]
Acc_Rate_100Myr: 
[ 1  0  0  1  2  1  6 42 16  9  9  3  4  4  1  0  0  0  0  0  0  0  0  0  1]
Acc_Rate_x_Tdyn: 
[ 1  2  2 11 26 22 13  5  5  4  1  1  1  0  0  1  0  1  0  0  0  2  0  1  1]
Acc_Rate_x_2Tdyn: 
[ 1  1  1  9 35 17 10  9  5  4  1  1  1  2  1  0  0  0  0  0  1  0  0  0  1]
Acc_Rate_Mpeak: 
[22 23 16  8  6  4  3  7  2  1  1  2  1  0  1  0  0  0  0  1  0  0  1  0  1]
Mpeak_Scale: 
[ 1  3  0  1  1  1  1  0  0  1  0  1  1  0  1  2  4  2  6  1  5  2  4  2 60]
Acc_Scale: 
[ 1  0  0  0  0  0  0  0  0  0  0  0  1  0  0  0  1  0  0  0  0  0  0  0 97]
First_Acc_Scale: 
[ 1  0  0  0  0  0  0  0  0  0  0  0  1  0  0  0  1  0  0  0  0  0  0  0 97]
First_Acc_Mvir: 
[48 13 10  7  7  0  3  0  2  2  2  2  1  0  0  1  0  0  0  0  0  0  1  0  1]
First_Acc_Vmax: 
[16 17 10 10  7  7  8  3  4  1  3  2  0  4  1  2  1  1  0  1  0  1  0  0  1]
Vmax_at_Mpeak: 
[14 16  9 11  9  6  8  4  3  4  1  2  1  4  1  2  1  1  0  1  0  1  0  0  1]
Tidal_Force_Tdyn: 
[23 18 12 10  8  6  8  3  4  1  1  2  0  1  0  0  0  0  0  0  0  0  0  0  3]
wall1: 
[48  0  0  0  0  0  0  0  0  0  0  0  0  0  0  0  0  0  0  0  0  0  0  0 52]
wall2: 
[46  0  0  0  0  0  0  0  0  0  0  0  0  0  0  0  0  0  0  0  0  0  0  0 54]
wall3: 
[47  0  0  0  0  0  0  0  0  0  0  0  0  0  0  0  0  0  0  0  0  0  0  0 53]
fila1: 
[ 2  0  0  0  0  0  0  0  0  0  0  0  0  0  0  0  0  0  0  0  0  0  0  0 98]
fila2: 
[ 3  0  0  0  0  0  0  0  0  0  0  0  0  0  0  0  0  0  0  0  0  0  0  0 97]
fila3: 
[ 7  0  0  0  0  0  0  0  0  0  0  0  0  0  0  0  0  0  0  0  0  0  0  0 93]
dist1: 
[20  7 11  3  5  5  6  3  6  1  2  2  2  3  1  4  5  0  3  0  4  4  0  0  3]
dist2: 
[22  7  9  4  3  4  7  6  6  1  2  2  2  4  1  1  7  0  1  1  4  2  3  0  1]
dist3: 
[25  9  8  8  6  9  2  2  3  3  4  2  3  5  4  2  2  1  0  0  0  0  1  0  1]
